1-1	0-9	Education	abstract[1]	new[1]	sal[1]	_	cf1[1]	coref	2-3[6_1]	
1-2	10-13	and	_	_	_	_		_	_	
1-3	14-19	early	abstract[3]	new[3]	nonsal[3]	_	cf2[3]	_	_	
1-4	20-25	loves	abstract[3]	new[3]	nonsal[3]	_	cf2[3]	_	_	
2-1	26-31	Byron	person[4]	new[4]	sal[4]	Lord_Byron[4]	cf1[4]	ana	2-3[7_4]	
2-2	32-40	received	_	_	_	_		_	_	
2-3	41-44	his	abstract[6]|person[7]	giv:act[6]|giv:act[7]	sal[6]|sal[7]	Lord_Byron[7]	cf2*[6]|cf1[7]	ana	3-10[23_7]	
2-4	45-50	early	abstract[6]	giv:act[6]	sal[6]	_	cf2*[6]	_	_	
2-5	51-57	formal	abstract[6]	giv:act[6]	sal[6]	_	cf2*[6]	_	_	
2-6	58-67	education	abstract[6]	giv:act[6]	sal[6]	_	cf2*[6]	_	_	
2-7	68-70	at	abstract[6]	giv:act[6]	sal[6]	_	cf2*[6]	_	_	
2-8	71-79	Aberdeen	abstract[6]|organization[9]|place[10]	giv:act[6]|new[9]|new[10]	sal[6]|sal[9]|sal[10]	Aberdeen_Grammar_School[9]|Aberdeen[10]	cf2*[6]|cf5[9]|cf10[10]	bridge:aggr	4-12[38_9]	
2-9	80-87	Grammar	abstract[6]|organization[9]	giv:act[6]|new[9]	sal[6]|sal[9]	Aberdeen_Grammar_School[9]	cf2*[6]|cf5[9]	_	_	
2-10	88-94	School	abstract[6]|organization[9]	giv:act[6]|new[9]	sal[6]|sal[9]	Aberdeen_Grammar_School[9]	cf2*[6]|cf5[9]	_	_	
2-11	95-96	,	_	_	_	_		_	_	
2-12	97-100	and	_	_	_	_		_	_	
2-13	101-103	in	_	_	_	_		_	_	
2-14	104-110	August	time[12]	new[12]	nonsal[12]	_	cf6[12]	_	_	
2-15	111-115	1799	time[12]|time[13]	new[12]|new[13]	nonsal[12]|nonsal[13]	_	cf6[12]|cf8[13]	_	_	
2-16	116-123	entered	_	_	_	_		_	_	
2-17	124-127	the	organization[15]	new[15]	nonsal[15]	_	cf3[15]	bridge:aggr	4-12[38_15]	
2-18	128-134	school	organization[15]	new[15]	nonsal[15]	_	cf3[15]	_	_	
2-19	135-137	of	organization[15]	new[15]	nonsal[15]	_	cf3[15]	_	_	
2-20	138-141	Dr.	organization[15]|person[16]	new[15]|new[16]	nonsal[15]|nonsal[16]	William_Glennie[16]	cf3[15]|cf4[16]	_	_	
2-21	142-149	William	organization[15]|person[16]	new[15]|new[16]	nonsal[15]|nonsal[16]	William_Glennie[16]	cf3[15]|cf4[16]	_	_	
2-22	150-157	Glennie	organization[15]|person[16]	new[15]|new[16]	nonsal[15]|nonsal[16]	William_Glennie[16]	cf3[15]|cf4[16]	_	_	
2-23	158-159	,	organization[15]	new[15]	nonsal[15]	_	cf3[15]	_	_	
2-24	160-162	in	organization[15]	new[15]	nonsal[15]	_	cf3[15]	_	_	
2-25	163-170	Dulwich	organization[15]|place[17]	new[15]|new[17]	nonsal[15]|nonsal[17]	Dulwich[17]	cf3[15]|cf7[17]	_	_	
2-26	171-172	.	_	_	_	_		_	_	
2-27	173-174	[	_	_	_	_		_	_	
2-28	175-177	17	abstract[18]	new[18]	nonsal[18]	_	cf9[18]	_	_	
2-29	178-179	]	_	_	_	_		_	_	
3-1	180-186	Placed	_	_	_	_		_	_	
3-2	187-192	under	_	_	_	_		_	_	
3-3	193-196	the	abstract[21]	new[21]	nonsal[21]	_	cf2[21]	_	_	
3-4	197-201	care	abstract[21]	new[21]	nonsal[21]	_	cf2[21]	_	_	
3-5	202-204	of	abstract[21]	new[21]	nonsal[21]	_	cf2[21]	_	_	
3-6	205-206	a	abstract[21]|person[22]	new[21]|new[22]	nonsal[21]|nonsal[22]	_	cf2[21]|cf3[22]	_	_	
3-7	207-210	Dr.	abstract[21]|person[22]	new[21]|new[22]	nonsal[21]|nonsal[22]	_	cf2[21]|cf3[22]	_	_	
3-8	211-217	Bailey	abstract[21]|person[22]	new[21]|new[22]	nonsal[21]|nonsal[22]	_	cf2[21]|cf3[22]	_	_	
3-9	218-219	,	_	_	_	_		_	_	
3-10	220-222	he	person[23]	giv:act[23]	sal[23]	Lord_Byron[23]	cf1*[23]	ana	3-20[24_23]	
3-11	223-226	was	_	_	_	_		_	_	
3-12	227-237	encouraged	_	_	_	_		_	_	
3-13	238-240	to	_	_	_	_		_	_	
3-14	241-249	exercise	_	_	_	_		_	_	
3-15	250-252	in	_	_	_	_		_	_	
3-16	253-263	moderation	_	_	_	_		_	_	
3-17	264-267	but	_	_	_	_		_	_	
3-18	268-271	not	_	_	_	_		_	_	
3-19	272-280	restrain	_	_	_	_		_	_	
3-20	281-288	himself	person[24]	giv:act[24]	sal[24]	Lord_Byron[24]	cf1*[24]	ana	3-32[30_24]	
3-21	289-293	from	_	_	_	_		_	_	
3-22	294-295	"	event[27]	new[27]	nonsal[27]	_	cf4[27]	_	_	
3-23	296-303	violent	event[27]	new[27]	nonsal[27]	_	cf4[27]	_	_	
3-24	304-305	"	event[27]	new[27]	nonsal[27]	_	cf4[27]	_	_	
3-25	306-311	bouts	event[27]	new[27]	nonsal[27]	_	cf4[27]	_	_	
3-26	312-314	in	_	_	_	_		_	_	
3-27	315-317	an	event[28]	new[28]	nonsal[28]	_	cf5[28]	_	_	
3-28	318-325	attempt	event[28]	new[28]	nonsal[28]	_	cf5[28]	_	_	
3-29	326-328	to	event[28]	new[28]	nonsal[28]	_	cf5[28]	_	_	
3-30	329-343	overcompensate	event[28]	new[28]	nonsal[28]	_	cf5[28]	_	_	
3-31	344-347	for	event[28]	new[28]	nonsal[28]	_	cf5[28]	_	_	
3-32	348-351	his	event[28]|object[29]|person[30]	new[28]|new[29]|giv:act[30]	nonsal[28]|nonsal[29]|sal[30]	Lord_Byron[30]	cf5[28]|cf6[29]|cf1*[30]	ana	4-1[33_30]	
3-33	352-360	deformed	event[28]|object[29]	new[28]|new[29]	nonsal[28]|nonsal[29]	_	cf5[28]|cf6[29]	_	_	
3-34	361-365	foot	event[28]|object[29]	new[28]|new[29]	nonsal[28]|nonsal[29]	_	cf5[28]|cf6[29]	_	_	
3-35	366-367	.	_	_	_	_		_	_	
4-1	368-371	His	person[32]|person[33]	new[32]|giv:act[33]	nonsal[32]|sal[33]	Lord_Byron[33]	cf3[32]|cf1*[33]	coref|ana	9-1[105_32]|4-5[36_33]	
4-2	372-378	mother	person[32]	new[32]	nonsal[32]	_	cf3[32]	_	_	
4-3	379-389	interfered	_	_	_	_		_	_	
4-4	390-394	with	_	_	_	_		_	_	
4-5	395-398	his	abstract[35]|person[36]	new[35]|giv:act[36]	nonsal[35]|sal[36]	Lord_Byron[36]	cf7[35]|cf1*[36]	ana	4-10[37_36]	
4-6	399-406	studies	abstract[35]	new[35]	nonsal[35]	_	cf7[35]	_	_	
4-7	407-408	,	_	_	_	_		_	_	
4-8	409-414	often	_	_	_	_		_	_	
4-9	415-426	withdrawing	_	_	_	_		_	_	
4-10	427-430	him	person[37]	giv:act[37]	sal[37]	Lord_Byron[37]	cf1*[37]	ana	4-18[43_37]	
4-11	431-435	from	_	_	_	_		_	_	
4-12	436-442	school	organization[38]	acc:aggr[38]	nonsal[38]	_	cf2[38]	_	_	
4-13	443-444	,	_	_	_	_		_	_	
4-14	445-449	with	_	_	_	_		_	_	
4-15	450-453	the	abstract[42]	new[42]	nonsal[42]	_	cf6[42]	_	_	
4-16	454-460	result	abstract[42]	new[42]	nonsal[42]	_	cf6[42]	_	_	
4-17	461-465	that	abstract[42]	new[42]	nonsal[42]	_	cf6[42]	_	_	
4-18	466-468	he	abstract[42]|person[43]	new[42]|giv:act[43]	nonsal[42]|sal[43]	Lord_Byron[43]	cf6[42]|cf1*[43]	ana	4-22[48_43]	
4-19	469-475	lacked	abstract[42]	new[42]	nonsal[42]	_	cf6[42]	_	_	
4-20	476-486	discipline	abstract[42]|abstract[44]	new[42]|new[44]	nonsal[42]|nonsal[44]	_	cf6[42]|cf5[44]	_	_	
4-21	487-490	and	abstract[42]	new[42]	nonsal[42]	_	cf6[42]	_	_	
4-22	491-494	his	abstract[42]|abstract[47]|person[48]	new[42]|new[47]|giv:act[48]	nonsal[42]|nonsal[47]|sal[48]	Lord_Byron[48]	cf6[42]|cf4[47]|cf1*[48]	ana	5-4[50_48]	
4-23	495-504	classical	abstract[42]|abstract[47]	new[42]|new[47]	nonsal[42]|nonsal[47]	_	cf6[42]|cf4[47]	_	_	
4-24	505-512	studies	abstract[42]|abstract[47]	new[42]|new[47]	nonsal[42]|nonsal[47]	_	cf6[42]|cf4[47]	_	_	
4-25	513-517	were	abstract[42]	new[42]	nonsal[42]	_	cf6[42]	_	_	
4-26	518-527	neglected	abstract[42]	new[42]	nonsal[42]	_	cf6[42]	_	_	
4-27	528-529	.	_	_	_	_		_	_	
5-1	530-532	In	_	_	_	_		_	_	
5-2	533-537	1801	time[49]	new[49]	nonsal[49]	_	cf4[49]	_	_	
5-3	538-539	,	_	_	_	_		_	_	
5-4	540-542	he	person[50]	giv:act[50]	sal[50]	Lord_Byron[50]	cf1*[50]	ana	5-11[52_50]	
5-5	543-546	was	_	_	_	_		_	_	
5-6	547-551	sent	_	_	_	_		_	_	
5-7	552-554	to	_	_	_	_		_	_	
5-8	555-561	Harrow	organization[51]	new[51]	sal[51]	Harrow_School[51]	cf2[51]	coref	6-12[67_51]	
5-9	562-563	,	_	_	_	_		_	_	
5-10	564-569	where	_	_	_	_		_	_	
5-11	570-572	he	person[52]	giv:act[52]	sal[52]	Lord_Byron[52]	cf1*[52]	coref	6-1[63_52]	
5-12	573-581	remained	_	_	_	_		_	_	
5-13	582-587	until	_	_	_	_		_	_	
5-14	588-592	July	time[58]	new[58]	nonsal[58]	_	cf3[58]	_	_	
5-15	593-597	1805	time[58]|time[59]	new[58]|new[59]	nonsal[58]|nonsal[59]	_	cf3[58]|cf5[59]	_	_	
5-16	598-599	.	_	_	_	_		_	_	
5-17	600-601	[	_	_	_	_		_	_	
5-18	602-603	6	abstract[60]	new[60]	nonsal[60]	_	cf6[60]	_	_	
5-19	604-605	]	_	_	_	_		_	_	
6-1	606-608	An	person[63]	giv:act[63]	sal[63]	Lord_Byron[63]	cf1*[63]	coref	6-5[64_63]	
6-2	609-624	undistinguished	person[63]	giv:act[63]	sal[63]	Lord_Byron[63]	cf1*[63]	_	_	
6-3	625-632	student	person[63]	giv:act[63]	sal[63]	Lord_Byron[63]	cf1*[63]	_	_	
6-4	633-636	and	_	_	_	_		_	_	
6-5	637-639	an	person[64]	giv:act[64]	sal[64]	Lord_Byron[64]	cf1*[64]	ana	6-9[65_64]	
6-6	640-649	unskilled	person[64]	giv:act[64]	sal[64]	Lord_Byron[64]	cf1*[64]	_	_	
6-7	650-659	cricketer	person[64]	giv:act[64]	sal[64]	Lord_Byron[64]	cf1*[64]	_	_	
6-8	660-661	,	_	_	_	_		_	_	
6-9	662-664	he	person[65]	giv:act[65]	sal[65]	Lord_Byron[65]	cf1*[65]	ana	7-1[81_65]	
6-10	665-668	did	_	_	_	_		_	_	
6-11	669-678	represent	_	_	_	_		_	_	
6-12	679-682	the	organization[67]	giv:act[67]	sal[67]	Harrow_School[67]	cf2[67]	coref	6-20[70_67]	
6-13	683-689	school	organization[67]	giv:act[67]	sal[67]	Harrow_School[67]	cf2[67]	_	_	
6-14	690-696	during	_	_	_	_		_	_	
6-15	697-700	the	event[68]	new[68]	nonsal[68]	_	cf4[68]	_	_	
6-16	701-705	very	event[68]	new[68]	nonsal[68]	_	cf4[68]	_	_	
6-17	706-711	first	event[68]	new[68]	nonsal[68]	_	cf4[68]	_	_	
6-18	712-716	Eton	event[68]|organization[69]	new[68]|new[69]	nonsal[68]|nonsal[69]	Eton_College[69]	cf4[68]|cf7[69]	_	_	
6-19	717-718	v	event[68]	new[68]	nonsal[68]	_	cf4[68]	_	_	
6-20	719-725	Harrow	event[68]|organization[70]	new[68]|giv:act[70]	nonsal[68]|sal[70]	Harrow_School[70]	cf4[68]|cf2[70]	coref	8-14[90_70]	
6-21	726-733	cricket	event[68]|abstract[71]	new[68]|new[71]	nonsal[68]|nonsal[71]	_	cf4[68]|cf8[71]	_	_	
6-22	734-739	match	event[68]	new[68]	nonsal[68]	_	cf4[68]	_	_	
6-23	740-742	at	event[68]	new[68]	nonsal[68]	_	cf4[68]	_	_	
6-24	743-747	Lord	event[68]|place[75]	new[68]|new[75]	nonsal[68]|nonsal[75]	Lord's[75]	cf4[68]|cf3[75]	_	_	
6-25	748-750	's	event[68]|place[75]	new[68]|new[75]	nonsal[68]|nonsal[75]	Lord's[75]	cf4[68]|cf3[75]	_	_	
6-26	751-753	in	event[68]	new[68]	nonsal[68]	_	cf4[68]	_	_	
6-27	754-758	1805	event[68]|time[76]	new[68]|new[76]	nonsal[68]|nonsal[76]	_	cf4[68]|cf5[76]	coref	19-20[244_76]	
6-28	759-760	.	_	_	_	_		_	_	
6-29	761-762	[	_	_	_	_		_	_	
6-30	763-765	19	abstract[77]	new[77]	nonsal[77]	_	cf6[77]	_	_	
6-31	766-767	]	_	_	_	_		_	_	
7-1	768-771	His	abstract[80]|person[81]	new[80]|giv:act[81]	nonsal[80]|sal[81]	Lord_Byron[81]	cf2[80]|cf1*[81]	coref	8-1[86_81]	
7-2	772-776	lack	abstract[80]	new[80]	nonsal[80]	_	cf2[80]	_	_	
7-3	777-779	of	abstract[80]	new[80]	nonsal[80]	_	cf2[80]	_	_	
7-4	780-790	moderation	abstract[80]|abstract[82]	new[80]|new[82]	nonsal[80]|nonsal[82]	_	cf2[80]|cf3[82]	_	_	
7-5	791-794	was	_	_	_	_		_	_	
7-6	795-798	not	_	_	_	_		_	_	
7-7	799-809	restricted	_	_	_	_		_	_	
7-8	810-812	to	_	_	_	_		_	_	
7-9	813-821	physical	event[85]	new[85]	nonsal[85]	_	cf4[85]	_	_	
7-10	822-830	exercise	event[85]	new[85]	nonsal[85]	_	cf4[85]	_	_	
7-11	831-832	.	_	_	_	_		_	_	
8-1	833-838	Byron	person[86]	giv:act[86]	sal[86]	Lord_Byron[86]	cf1*[86]	ana	8-10[89_86]	
8-2	839-843	fell	_	_	_	_		_	_	
8-3	844-846	in	_	_	_	_		_	_	
8-4	847-851	love	_	_	_	_		_	_	
8-5	852-856	with	_	_	_	_		_	_	
8-6	857-861	Mary	person[88]	new[88]	sal[88]	_	cf2[88]	ana	8-20[92_88]	
8-7	862-870	Chaworth	person[88]	new[88]	sal[88]	_	cf2[88]	_	_	
8-8	871-872	,	person[88]	new[88]	sal[88]	_	cf2[88]	_	_	
8-9	873-877	whom	person[88]	new[88]	sal[88]	_	cf2[88]	_	_	
8-10	878-880	he	person[88]|person[89]	new[88]|giv:act[89]	sal[88]|sal[89]	Lord_Byron[89]	cf2[88]|cf1*[89]	ana	8-24[98_89]	
8-11	881-884	met	person[88]	new[88]	sal[88]	_	cf2[88]	_	_	
8-12	885-890	while	person[88]	new[88]	sal[88]	_	cf2[88]	_	_	
8-13	891-893	at	person[88]	new[88]	sal[88]	_	cf2[88]	_	_	
8-14	894-900	school	person[88]|organization[90]	new[88]|giv:inact[90]	sal[88]|sal[90]	Harrow_School[90]	cf2[88]|cf3[90]	coref	8-29[99_90]	
8-15	901-902	,	_	_	_	_		_	_	
8-16	903-904	[	_	_	_	_		_	_	
8-17	905-906	6	abstract[91]	new[91]	nonsal[91]	_	cf6[91]	coref	9-44[123_91]	
8-18	907-908	]	_	_	_	_		_	_	
8-19	909-912	and	_	_	_	_		_	_	
8-20	913-916	she	person[92]	giv:act[92]	sal[92]	_	cf2[92]	coref	9-39[122_92]	
8-21	917-920	was	_	_	_	_		_	_	
8-22	921-924	the	abstract[97]	new[97]	nonsal[97]	_	cf4[97]	_	_	
8-23	925-931	reason	abstract[97]	new[97]	nonsal[97]	_	cf4[97]	_	_	
8-24	932-934	he	abstract[97]|person[98]	new[97]|giv:act[98]	nonsal[97]|sal[98]	Lord_Byron[98]	cf4[97]|cf1*[98]	ana	9-1[106_98]	
8-25	935-942	refused	abstract[97]	new[97]	nonsal[97]	_	cf4[97]	_	_	
8-26	943-945	to	abstract[97]	new[97]	nonsal[97]	_	cf4[97]	_	_	
8-27	946-952	return	abstract[97]	new[97]	nonsal[97]	_	cf4[97]	_	_	
8-28	953-955	to	abstract[97]	new[97]	nonsal[97]	_	cf4[97]	_	_	
8-29	956-962	Harrow	abstract[97]|organization[99]	new[97]|giv:act[99]	nonsal[97]|sal[99]	Harrow_School[99]	cf4[97]|cf3[99]	coref	11-28[146_99]	
8-30	963-965	in	abstract[97]	new[97]	nonsal[97]	_	cf4[97]	_	_	
8-31	966-975	September	abstract[97]|time[102]	new[97]|new[102]	nonsal[97]|nonsal[102]	_	cf4[97]|cf5[102]	_	_	
8-32	976-980	1803	abstract[97]|time[102]|time[103]	new[97]|new[102]|new[103]	nonsal[97]|nonsal[102]|nonsal[103]	_	cf4[97]|cf5[102]|cf7[103]	_	_	
8-33	981-982	.	_	_	_	_		_	_	
9-1	983-986	His	person[105]|person[106]	giv:inact[105]|giv:act[106]	nonsal[105]|sal[106]	Lord_Byron[106]	cf2[105]|cf1*[106]	ana|ana	9-11[111_105]|9-6[107_106]	
9-2	987-993	mother	person[105]	giv:inact[105]	nonsal[105]	_	cf2[105]	_	_	
9-3	994-999	wrote	_	_	_	_		_	_	
9-4	1000-1001	,	_	_	_	_		_	_	
9-5	1002-1003	"	_	_	_	_		_	_	
9-6	1004-1006	He	person[107]	giv:act[107]	sal[107]	Lord_Byron[107]	cf1*[107]	coref	9-32[121_107]	
9-7	1007-1010	has	_	_	_	_		_	_	
9-8	1011-1013	no	abstract[110]	new[110]	nonsal[110]	_	cf6[110]	_	_	
9-9	1014-1027	indisposition	abstract[110]	new[110]	nonsal[110]	_	cf6[110]	_	_	
9-10	1028-1032	that	abstract[110]	new[110]	nonsal[110]	_	cf6[110]	_	_	
9-11	1033-1034	I	abstract[110]|person[111]	new[110]|acc:com[111]	nonsal[110]|nonsal[111]	_	cf6[110]|cf2[111]	ana	9-26[119_111]	
9-12	1035-1039	know	abstract[110]	new[110]	nonsal[110]	_	cf6[110]	_	_	
9-13	1040-1042	of	abstract[110]	new[110]	nonsal[110]	_	cf6[110]	_	_	
9-14	1043-1046	but	abstract[110]	new[110]	nonsal[110]	_	cf6[110]	_	_	
9-15	1047-1051	love	abstract[110]|abstract[112]	new[110]|new[112]	nonsal[110]|nonsal[112]	_	cf6[110]|cf4[112]	appos	9-17[115_112]	
9-16	1052-1053	,	abstract[110]	new[110]	nonsal[110]	_	cf6[110]	_	_	
9-17	1054-1063	desperate	abstract[110]|abstract[115]	new[110]|giv:act[115]	nonsal[110]|nonsal[115]	_	cf6[110]|cf4[115]	coref	9-20[116_115]	
9-18	1064-1068	love	abstract[110]|abstract[115]	new[110]|giv:act[115]	nonsal[110]|nonsal[115]	_	cf6[110]|cf4[115]	_	_	
9-19	1069-1070	,	abstract[110]	new[110]	nonsal[110]	_	cf6[110]	_	_	
9-20	1071-1074	the	abstract[110]|abstract[116]	new[110]|giv:act[116]	nonsal[110]|nonsal[116]	_	cf6[110]|cf4[116]	_	_	
9-21	1075-1080	worst	abstract[110]|abstract[116]	new[110]|giv:act[116]	nonsal[110]|nonsal[116]	_	cf6[110]|cf4[116]	_	_	
9-22	1081-1083	of	abstract[110]|abstract[116]	new[110]|giv:act[116]	nonsal[110]|nonsal[116]	_	cf6[110]|cf4[116]	_	_	
9-23	1084-1087	all	abstract[110]|abstract[116]|abstract[117]	new[110]|giv:act[116]|new[117]	nonsal[110]|nonsal[116]|nonsal[117]	_	cf6[110]|cf4[116]|cf7[117]	_	_	
9-24	1088-1096	maladies	abstract[110]|abstract[116]|abstract[117]	new[110]|giv:act[116]|new[117]	nonsal[110]|nonsal[116]|nonsal[117]	_	cf6[110]|cf4[116]|cf7[117]	_	_	
9-25	1097-1099	in	_	_	_	_		_	_	
9-26	1100-1102	my	abstract[118]|person[119]	new[118]|giv:act[119]	nonsal[118]|nonsal[119]	_	cf8[118]|cf2[119]	_	_	
9-27	1103-1110	opinion	abstract[118]	new[118]	nonsal[118]	_	cf8[118]	_	_	
9-28	1111-1112	.	_	_	_	_		_	_	
9-29	1113-1115	In	_	_	_	_		_	_	
9-30	1116-1121	short	_	_	_	_		_	_	
9-31	1122-1123	,	_	_	_	_		_	_	
9-32	1124-1127	the	person[121]	giv:act[121]	sal[121]	Lord_Byron[121]	cf1*[121]	coref	10-2[126_121]	
9-33	1128-1131	boy	person[121]	giv:act[121]	sal[121]	Lord_Byron[121]	cf1*[121]	_	_	
9-34	1132-1134	is	_	_	_	_		_	_	
9-35	1135-1147	distractedly	_	_	_	_		_	_	
9-36	1148-1150	in	_	_	_	_		_	_	
9-37	1151-1155	love	_	_	_	_		_	_	
9-38	1156-1160	with	_	_	_	_		_	_	
9-39	1161-1165	Miss	person[122]	giv:act[122]	sal[122]	_	cf3[122]	coref	10-8[127_122]	
9-40	1166-1174	Chaworth	person[122]	giv:act[122]	sal[122]	_	cf3[122]	_	_	
9-41	1175-1176	.	_	_	_	_		_	_	
9-42	1177-1178	"	_	_	_	_		_	_	
9-43	1179-1180	[	_	_	_	_		_	_	
9-44	1181-1182	6	abstract[123]	giv:act[123]	nonsal[123]	_	cf5[123]	coref	11-9[138_123]	
9-45	1183-1184	]	_	_	_	_		_	_	
10-1	1185-1187	In	_	_	_	_		_	_	
10-2	1188-1193	Byron	abstract[125]|person[126]	new[125]|giv:act[126]	nonsal[125]|sal[126]	Lord_Byron[126]	cf3[125]|cf1*[126]	ana	10-17[130_126]	
10-3	1194-1196	's	abstract[125]|person[126]	new[125]|giv:act[126]	nonsal[125]|sal[126]	Lord_Byron[126]	cf3[125]|cf1*[126]	_	_	
10-4	1197-1202	later	abstract[125]	new[125]	nonsal[125]	_	cf3[125]	_	_	
10-5	1203-1210	memoirs	abstract[125]	new[125]	nonsal[125]	_	cf3[125]	_	_	
10-6	1211-1212	,	_	_	_	_		_	_	
10-7	1213-1214	"	_	_	_	_		_	_	
10-8	1215-1219	Mary	person[127]	giv:act[127]	sal[127]	_	cf2[127]	coref	10-13[128_127]	
10-9	1220-1228	Chaworth	person[127]	giv:act[127]	sal[127]	_	cf2[127]	_	_	
10-10	1229-1231	is	_	_	_	_		_	_	
10-11	1232-1241	portrayed	_	_	_	_		_	_	
10-12	1242-1244	as	_	_	_	_		_	_	
10-13	1245-1248	the	person[128]	giv:act[128]	sal[128]	_	cf2[128]	_	_	
10-14	1249-1254	first	person[128]	giv:act[128]	sal[128]	_	cf2[128]	_	_	
10-15	1255-1261	object	person[128]	giv:act[128]	sal[128]	_	cf2[128]	_	_	
10-16	1262-1264	of	person[128]	giv:act[128]	sal[128]	_	cf2[128]	_	_	
10-17	1265-1268	his	person[128]|abstract[129]|person[130]	giv:act[128]|new[129]|giv:act[130]	sal[128]|nonsal[129]|sal[130]	Lord_Byron[130]	cf2[128]|cf4[129]|cf1*[130]	coref	11-1[132_130]	
10-18	1269-1274	adult	person[128]|abstract[129]	giv:act[128]|new[129]	sal[128]|nonsal[129]	_	cf2[128]|cf4[129]	_	_	
10-19	1275-1281	sexual	person[128]|abstract[129]	giv:act[128]|new[129]	sal[128]|nonsal[129]	_	cf2[128]|cf4[129]	_	_	
10-20	1282-1290	feelings	person[128]|abstract[129]	giv:act[128]|new[129]	sal[128]|nonsal[129]	_	cf2[128]|cf4[129]	_	_	
10-21	1291-1292	.	_	_	_	_		_	_	
10-22	1293-1294	"	_	_	_	_		_	_	
10-23	1295-1296	[	_	_	_	_		_	_	
10-24	1297-1299	20	abstract[131]	new[131]	nonsal[131]	_	cf5[131]	_	_	
10-25	1300-1301	]	_	_	_	_		_	_	
11-1	1302-1307	Byron	person[132]	giv:act[132]	sal[132]	Lord_Byron[132]	cf1*[132]	ana	11-32[147_132]	
11-2	1308-1315	finally	_	_	_	_		_	_	
11-3	1316-1324	returned	_	_	_	_		_	_	
11-4	1325-1327	in	_	_	_	_		_	_	
11-5	1328-1335	January	time[136]	new[136]	nonsal[136]	_	cf6[136]	_	_	
11-6	1336-1340	1804	time[136]|time[137]	new[136]|new[137]	nonsal[136]|nonsal[137]	_	cf6[136]|cf13[137]	_	_	
11-7	1341-1342	,	_	_	_	_		_	_	
11-8	1343-1344	[	_	_	_	_		_	_	
11-9	1345-1346	6	abstract[138]	giv:inact[138]	nonsal[138]	_	cf3[138]	_	_	
11-10	1347-1348	]	_	_	_	_		_	_	
11-11	1349-1351	to	_	_	_	_		_	_	
11-12	1352-1353	a	time[141]	new[141]	nonsal[141]	_	cf8[141]	_	_	
11-13	1354-1358	more	time[141]	new[141]	nonsal[141]	_	cf8[141]	_	_	
11-14	1359-1366	settled	time[141]	new[141]	nonsal[141]	_	cf8[141]	_	_	
11-15	1367-1373	period	time[141]	new[141]	nonsal[141]	_	cf8[141]	_	_	
11-16	1374-1379	which	time[141]	new[141]	nonsal[141]	_	cf8[141]	_	_	
11-17	1380-1383	saw	time[141]	new[141]	nonsal[141]	_	cf8[141]	_	_	
11-18	1384-1387	the	time[141]|abstract[142]	new[141]|new[142]	nonsal[141]|nonsal[142]	_	cf8[141]|cf5[142]	_	_	
11-19	1388-1397	formation	time[141]|abstract[142]	new[141]|new[142]	nonsal[141]|nonsal[142]	_	cf8[141]|cf5[142]	_	_	
11-20	1398-1400	of	time[141]|abstract[142]	new[141]|new[142]	nonsal[141]|nonsal[142]	_	cf8[141]|cf5[142]	_	_	
11-21	1401-1402	a	time[141]|abstract[142]|abstract[143]	new[141]|new[142]|new[143]	nonsal[141]|nonsal[142]|nonsal[143]	_	cf8[141]|cf5[142]|cf9[143]	_	_	
11-22	1403-1409	circle	time[141]|abstract[142]|abstract[143]	new[141]|new[142]|new[143]	nonsal[141]|nonsal[142]|nonsal[143]	_	cf8[141]|cf5[142]|cf9[143]	_	_	
11-23	1410-1412	of	time[141]|abstract[142]|abstract[143]	new[141]|new[142]|new[143]	nonsal[141]|nonsal[142]|nonsal[143]	_	cf8[141]|cf5[142]|cf9[143]	_	_	
11-24	1413-1422	emotional	time[141]|abstract[142]|abstract[143]|abstract[144]	new[141]|new[142]|new[143]|new[144]	nonsal[141]|nonsal[142]|nonsal[143]|nonsal[144]	_	cf8[141]|cf5[142]|cf9[143]|cf10[144]	bridge:other	11-39[151_144]	
11-25	1423-1435	involvements	time[141]|abstract[142]|abstract[143]|abstract[144]	new[141]|new[142]|new[143]|new[144]	nonsal[141]|nonsal[142]|nonsal[143]|nonsal[144]	_	cf8[141]|cf5[142]|cf9[143]|cf10[144]	_	_	
11-26	1436-1440	with	time[141]|abstract[142]|abstract[143]|abstract[144]	new[141]|new[142]|new[143]|new[144]	nonsal[141]|nonsal[142]|nonsal[143]|nonsal[144]	_	cf8[141]|cf5[142]|cf9[143]|cf10[144]	_	_	
11-27	1441-1446	other	time[141]|abstract[142]|abstract[143]|abstract[144]|person[145]	new[141]|new[142]|new[143]|new[144]|new[145]	nonsal[141]|nonsal[142]|nonsal[143]|nonsal[144]|nonsal[145]	_	cf8[141]|cf5[142]|cf9[143]|cf10[144]|cf7[145]	_	_	
11-28	1447-1453	Harrow	time[141]|abstract[142]|abstract[143]|abstract[144]|person[145]|organization[146]	new[141]|new[142]|new[143]|new[144]|new[145]|giv:inact[146]	nonsal[141]|nonsal[142]|nonsal[143]|nonsal[144]|nonsal[145]|sal[146]	Harrow_School[146]	cf8[141]|cf5[142]|cf9[143]|cf10[144]|cf7[145]|cf2[146]	coref	11-40[153_146]	
11-29	1454-1458	boys	time[141]|abstract[142]|abstract[143]|abstract[144]|person[145]	new[141]|new[142]|new[143]|new[144]|new[145]	nonsal[141]|nonsal[142]|nonsal[143]|nonsal[144]|nonsal[145]	_	cf8[141]|cf5[142]|cf9[143]|cf10[144]|cf7[145]	_	_	
11-30	1459-1460	,	time[141]|abstract[142]|abstract[143]|abstract[144]	new[141]|new[142]|new[143]|new[144]	nonsal[141]|nonsal[142]|nonsal[143]|nonsal[144]	_	cf8[141]|cf5[142]|cf9[143]|cf10[144]	_	_	
11-31	1461-1466	which	time[141]|abstract[142]|abstract[143]|abstract[144]	new[141]|new[142]|new[143]|new[144]	nonsal[141]|nonsal[142]|nonsal[143]|nonsal[144]	_	cf8[141]|cf5[142]|cf9[143]|cf10[144]	_	_	
11-32	1467-1469	he	time[141]|abstract[142]|abstract[143]|abstract[144]|person[147]	new[141]|new[142]|new[143]|new[144]|giv:act[147]	nonsal[141]|nonsal[142]|nonsal[143]|nonsal[144]|sal[147]	Lord_Byron[147]	cf8[141]|cf5[142]|cf9[143]|cf10[144]|cf1*[147]	ana	11-39[152_147]	
11-33	1470-1478	recalled	time[141]|abstract[142]|abstract[143]|abstract[144]	new[141]|new[142]|new[143]|new[144]	nonsal[141]|nonsal[142]|nonsal[143]|nonsal[144]	_	cf8[141]|cf5[142]|cf9[143]|cf10[144]	_	_	
11-34	1479-1483	with	time[141]|abstract[142]|abstract[143]|abstract[144]	new[141]|new[142]|new[143]|new[144]	nonsal[141]|nonsal[142]|nonsal[143]|nonsal[144]	_	cf8[141]|cf5[142]|cf9[143]|cf10[144]	_	_	
11-35	1484-1489	great	time[141]|abstract[142]|abstract[143]|abstract[144]|abstract[150]	new[141]|new[142]|new[143]|new[144]|new[150]	nonsal[141]|nonsal[142]|nonsal[143]|nonsal[144]|nonsal[150]	_	cf8[141]|cf5[142]|cf9[143]|cf10[144]|cf11[150]	_	_	
11-36	1490-1499	vividness	time[141]|abstract[142]|abstract[143]|abstract[144]|abstract[150]	new[141]|new[142]|new[143]|new[144]|new[150]	nonsal[141]|nonsal[142]|nonsal[143]|nonsal[144]|nonsal[150]	_	cf8[141]|cf5[142]|cf9[143]|cf10[144]|cf11[150]	_	_	
11-37	1500-1501	:	_	_	_	_		_	_	
11-38	1502-1503	"	_	_	_	_		_	_	
11-39	1504-1506	My	abstract[151]|person[152]	acc:inf[151]|giv:act[152]	nonsal[151]|sal[152]	Lord_Byron[152]	cf4[151]|cf1*[152]	ana|ana	12-5[165_151]|11-44[154_152]	
11-40	1507-1513	school	abstract[151]|organization[153]	acc:inf[151]|giv:act[153]	nonsal[151]|sal[153]	Harrow_School[153]	cf4[151]|cf2[153]	coref	13-6[187_153]	
11-41	1514-1525	friendships	abstract[151]	acc:inf[151]	nonsal[151]	_	cf4[151]	_	_	
11-42	1526-1530	were	_	_	_	_		_	_	
11-43	1531-1535	with	_	_	_	_		_	_	
11-44	1536-1538	me	person[154]	giv:act[154]	sal[154]	Lord_Byron[154]	cf1*[154]	ana	11-48[156_154]	
11-45	1539-1547	passions	abstract[155]	new[155]	nonsal[155]	_	cf12[155]	_	_	
11-46	1548-1549	(	_	_	_	_		_	_	
11-47	1550-1553	for	_	_	_	_		_	_	
11-48	1554-1555	I	person[156]	giv:act[156]	sal[156]	Lord_Byron[156]	cf1*[156]	coref	12-18[172_156]	
11-49	1556-1559	was	_	_	_	_		_	_	
11-50	1560-1566	always	_	_	_	_		_	_	
11-51	1567-1574	violent	_	_	_	_		_	_	
11-52	1575-1576	)	_	_	_	_		_	_	
11-53	1577-1578	.	_	_	_	_		_	_	
11-54	1579-1580	"	_	_	_	_		_	_	
11-55	1581-1582	[	_	_	_	_		_	_	
11-56	1583-1585	21	abstract[157]	new[157]	nonsal[157]	_	cf14[157]	_	_	
11-57	1586-1587	]	_	_	_	_		_	_	
12-1	1588-1591	The	abstract[164]	new[164]	nonsal[164]	_	cf4[164]	_	_	
12-2	1592-1596	most	abstract[164]	new[164]	nonsal[164]	_	cf4[164]	_	_	
12-3	1597-1605	enduring	abstract[164]	new[164]	nonsal[164]	_	cf4[164]	_	_	
12-4	1606-1608	of	abstract[164]	new[164]	nonsal[164]	_	cf4[164]	_	_	
12-5	1609-1614	those	abstract[164]|abstract[165]	new[164]|giv:act[165]	nonsal[164]|nonsal[165]	_	cf4[164]|cf2[165]	coref	13-5[185_165]	
12-6	1615-1618	was	_	_	_	_		_	_	
12-7	1619-1623	with	_	_	_	_		_	_	
12-8	1624-1628	John	person[167]	new[167]	sal[167]	John_FitzGibbon%2C_2nd_Earl_of_Clare[167]	cf3[167]	appos	12-11[168_167]	
12-9	1629-1639	FitzGibbon	person[167]	new[167]	sal[167]	John_FitzGibbon%2C_2nd_Earl_of_Clare[167]	cf3[167]	_	_	
12-10	1640-1641	,	person[167]	new[167]	sal[167]	John_FitzGibbon%2C_2nd_Earl_of_Clare[167]	cf3[167]	_	_	
12-11	1642-1645	2nd	person[167]|person[168]	new[167]|giv:act[168]	sal[167]|sal[168]	John_FitzGibbon%2C_2nd_Earl_of_Clare[167]|John_FitzGibbon%2C_2nd_Earl_of_Clare[168]	cf3[167]|cf3[168]	coref	15-1[211_168]	
12-12	1646-1650	Earl	person[167]|person[168]	new[167]|giv:act[168]	sal[167]|sal[168]	John_FitzGibbon%2C_2nd_Earl_of_Clare[167]|John_FitzGibbon%2C_2nd_Earl_of_Clare[168]	cf3[167]|cf3[168]	_	_	
12-13	1651-1653	of	person[167]|person[168]	new[167]|giv:act[168]	sal[167]|sal[168]	John_FitzGibbon%2C_2nd_Earl_of_Clare[167]|John_FitzGibbon%2C_2nd_Earl_of_Clare[168]	cf3[167]|cf3[168]	_	_	
12-14	1654-1659	Clare	person[167]|person[168]|place[169]	new[167]|giv:act[168]|new[169]	sal[167]|sal[168]|nonsal[169]	John_FitzGibbon%2C_2nd_Earl_of_Clare[167]|John_FitzGibbon%2C_2nd_Earl_of_Clare[168]	cf3[167]|cf3[168]|cf5[169]	_	_	
12-15	1660-1661	—	person[167]	new[167]	sal[167]	John_FitzGibbon%2C_2nd_Earl_of_Clare[167]	cf3[167]	_	_	
12-16	1662-1666	four	person[167]|time[171]	new[167]|new[171]	sal[167]|nonsal[171]	John_FitzGibbon%2C_2nd_Earl_of_Clare[167]	cf3[167]|cf7[171]	_	_	
12-17	1667-1672	years	person[167]|time[171]	new[167]|new[171]	sal[167]|nonsal[171]	John_FitzGibbon%2C_2nd_Earl_of_Clare[167]	cf3[167]|cf7[171]	_	_	
12-18	1673-1678	Byron	person[167]|person[172]	new[167]|giv:act[172]	sal[167]|sal[172]	John_FitzGibbon%2C_2nd_Earl_of_Clare[167]|Lord_Byron[172]	cf3[167]|cf1*[172]	ana	12-23[173_172]	
12-19	1679-1681	's	person[167]|person[172]	new[167]|giv:act[172]	sal[167]|sal[172]	John_FitzGibbon%2C_2nd_Earl_of_Clare[167]|Lord_Byron[172]	cf3[167]|cf1*[172]	_	_	
12-20	1682-1688	junior	person[167]	new[167]	sal[167]	John_FitzGibbon%2C_2nd_Earl_of_Clare[167]	cf3[167]	_	_	
12-21	1689-1690	—	person[167]	new[167]	sal[167]	John_FitzGibbon%2C_2nd_Earl_of_Clare[167]	cf3[167]	_	_	
12-22	1691-1695	whom	person[167]	new[167]	sal[167]	John_FitzGibbon%2C_2nd_Earl_of_Clare[167]	cf3[167]	_	_	
12-23	1696-1698	he	person[167]|person[173]	new[167]|giv:act[173]	sal[167]|sal[173]	John_FitzGibbon%2C_2nd_Earl_of_Clare[167]|Lord_Byron[173]	cf3[167]|cf1*[173]	ana	13-1[183_173]	
12-24	1699-1702	was	person[167]	new[167]	sal[167]	John_FitzGibbon%2C_2nd_Earl_of_Clare[167]	cf3[167]	_	_	
12-25	1703-1705	to	person[167]	new[167]	sal[167]	John_FitzGibbon%2C_2nd_Earl_of_Clare[167]	cf3[167]	_	_	
12-26	1706-1710	meet	person[167]	new[167]	sal[167]	John_FitzGibbon%2C_2nd_Earl_of_Clare[167]	cf3[167]	_	_	
12-27	1711-1723	unexpectedly	person[167]	new[167]	sal[167]	John_FitzGibbon%2C_2nd_Earl_of_Clare[167]	cf3[167]	_	_	
12-28	1724-1728	many	person[167]|time[175]	new[167]|new[175]	sal[167]|nonsal[175]	John_FitzGibbon%2C_2nd_Earl_of_Clare[167]	cf3[167]|cf8[175]	_	_	
12-29	1729-1734	years	person[167]|time[175]	new[167]|new[175]	sal[167]|nonsal[175]	John_FitzGibbon%2C_2nd_Earl_of_Clare[167]	cf3[167]|cf8[175]	_	_	
12-30	1735-1740	later	person[167]	new[167]	sal[167]	John_FitzGibbon%2C_2nd_Earl_of_Clare[167]	cf3[167]	_	_	
12-31	1741-1743	in	person[167]	new[167]	sal[167]	John_FitzGibbon%2C_2nd_Earl_of_Clare[167]	cf3[167]	_	_	
12-32	1744-1749	Italy	person[167]|place[176]	new[167]|new[176]	sal[167]|nonsal[176]	John_FitzGibbon%2C_2nd_Earl_of_Clare[167]|Italy[176]	cf3[167]|cf6[176]	_	_	
12-33	1750-1751	(	person[167]	new[167]	sal[167]	John_FitzGibbon%2C_2nd_Earl_of_Clare[167]	cf3[167]	_	_	
12-34	1752-1756	1821	person[167]|time[177]	new[167]|new[177]	sal[167]|nonsal[177]	John_FitzGibbon%2C_2nd_Earl_of_Clare[167]	cf3[167]|cf9[177]	_	_	
12-35	1757-1758	)	_	_	_	_		_	_	
12-36	1759-1760	.	_	_	_	_		_	_	
12-37	1761-1762	[	_	_	_	_		_	_	
12-38	1763-1765	22	abstract[178]	new[178]	nonsal[178]	_	cf10[178]	_	_	
12-39	1766-1767	]	_	_	_	_		_	_	
13-1	1768-1771	His	abstract[182]|person[183]	new[182]|giv:act[183]	nonsal[182]|sal[183]	Lord_Byron[183]	cf2[182]|cf1*[183]	appos|ana	13-9[190_182]|13-5[186_183]	
13-2	1772-1781	nostalgic	abstract[182]	new[182]	nonsal[182]	_	cf2[182]	_	_	
13-3	1782-1787	poems	abstract[182]	new[182]	nonsal[182]	_	cf2[182]	_	_	
13-4	1788-1793	about	abstract[182]	new[182]	nonsal[182]	_	cf2[182]	_	_	
13-5	1794-1797	his	abstract[182]|abstract[185]|person[186]	new[182]|giv:act[185]|giv:act[186]	nonsal[182]|nonsal[185]|sal[186]	Lord_Byron[186]	cf2[182]|cf3[185]|cf1*[186]	ana	13-32[196_186]	
13-6	1798-1804	Harrow	abstract[182]|abstract[185]|organization[187]	new[182]|giv:act[185]|giv:inact[187]	nonsal[182]|nonsal[185]|sal[187]	Harrow_School[187]	cf2[182]|cf3[185]|cf4[187]	coref	14-26[208_187]	
13-7	1805-1816	friendships	abstract[182]|abstract[185]	new[182]|giv:act[185]	nonsal[182]|nonsal[185]	_	cf2[182]|cf3[185]	_	_	
13-8	1817-1818	,	_	_	_	_		_	_	
13-9	1819-1827	Childish	abstract[190]	giv:act[190]	nonsal[190]	_	cf2[190]	_	_	
13-10	1828-1841	Recollections	abstract[190]	giv:act[190]	nonsal[190]	_	cf2[190]	_	_	
13-11	1842-1843	(	abstract[190]	giv:act[190]	nonsal[190]	_	cf2[190]	_	_	
13-12	1844-1848	1806	abstract[190]|time[191]	giv:act[190]|new[191]	nonsal[190]|nonsal[191]	_	cf2[190]|cf7[191]	bridge:def	18-1[221_191]	
13-13	1849-1850	)	abstract[190]	giv:act[190]	nonsal[190]	_	cf2[190]	_	_	
13-14	1851-1852	,	_	_	_	_		_	_	
13-15	1853-1860	express	_	_	_	_		_	_	
13-16	1861-1862	a	_	_	_	_		_	_	
13-17	1863-1872	prescient	_	_	_	_		_	_	
13-18	1873-1874	"	_	_	_	_		_	_	
13-19	1875-1888	consciousness	abstract[193]	new[193]	nonsal[193]	_	cf6[193]	_	_	
13-20	1889-1891	of	abstract[193]	new[193]	nonsal[193]	_	cf6[193]	_	_	
13-21	1892-1898	sexual	abstract[193]|abstract[194]	new[193]|new[194]	nonsal[193]|nonsal[194]	_	cf6[193]|cf8[194]	_	_	
13-22	1899-1910	differences	abstract[193]|abstract[194]	new[193]|new[194]	nonsal[193]|nonsal[194]	_	cf6[193]|cf8[194]	_	_	
13-23	1911-1915	that	abstract[193]|abstract[194]	new[193]|new[194]	nonsal[193]|nonsal[194]	_	cf6[193]|cf8[194]	_	_	
13-24	1916-1919	may	abstract[193]|abstract[194]	new[193]|new[194]	nonsal[193]|nonsal[194]	_	cf6[193]|cf8[194]	_	_	
13-25	1920-1922	in	abstract[193]|abstract[194]	new[193]|new[194]	nonsal[193]|nonsal[194]	_	cf6[193]|cf8[194]	_	_	
13-26	1923-1926	the	abstract[193]|abstract[194]	new[193]|new[194]	nonsal[193]|nonsal[194]	_	cf6[193]|cf8[194]	_	_	
13-27	1927-1930	end	abstract[193]|abstract[194]	new[193]|new[194]	nonsal[193]|nonsal[194]	_	cf6[193]|cf8[194]	_	_	
13-28	1931-1935	make	abstract[193]|abstract[194]	new[193]|new[194]	nonsal[193]|nonsal[194]	_	cf6[193]|cf8[194]	_	_	
13-29	1936-1943	England	abstract[193]|abstract[194]|place[195]	new[193]|new[194]|new[195]	nonsal[193]|nonsal[194]|nonsal[195]	England[195]	cf6[193]|cf8[194]|cf5[195]	coref	22-20[287_195]	
13-30	1944-1953	untenable	abstract[193]|abstract[194]	new[193]|new[194]	nonsal[193]|nonsal[194]	_	cf6[193]|cf8[194]	_	_	
13-31	1954-1956	to	abstract[193]|abstract[194]	new[193]|new[194]	nonsal[193]|nonsal[194]	_	cf6[193]|cf8[194]	_	_	
13-32	1957-1960	him	abstract[193]|abstract[194]|person[196]	new[193]|new[194]|giv:act[196]	nonsal[193]|nonsal[194]|sal[196]	Lord_Byron[196]	cf6[193]|cf8[194]|cf1*[196]	coref	14-3[202_196]	
13-33	1961-1962	.	_	_	_	_		_	_	
13-34	1963-1964	"	_	_	_	_		_	_	
13-35	1965-1966	[	_	_	_	_		_	_	
13-36	1967-1969	23	abstract[197]	new[197]	nonsal[197]	_	cf9[197]	_	_	
13-37	1970-1971	]	_	_	_	_		_	_	
14-1	1972-1979	Letters	object[201]	new[201]	nonsal[201]	_	cf5[201]	_	_	
14-2	1980-1982	to	object[201]	new[201]	nonsal[201]	_	cf5[201]	_	_	
14-3	1983-1988	Byron	object[201]|person[202]	new[201]|giv:act[202]	nonsal[201]|sal[202]	Lord_Byron[202]	cf5[201]|cf1*[202]	ana	18-5[222_202]	
14-4	1989-1991	in	object[201]	new[201]	nonsal[201]	_	cf5[201]	_	_	
14-5	1992-1995	the	object[201]|place[204]	new[201]|new[204]	nonsal[201]|nonsal[204]	_	cf5[201]|cf4[204]	_	_	
14-6	1996-2000	John	object[201]|place[204]|person[205]	new[201]|new[204]|new[205]	nonsal[201]|nonsal[204]|nonsal[205]	John_Murray[205]	cf5[201]|cf4[204]|cf7[205]	_	_	
14-7	2001-2007	Murray	object[201]|place[204]|person[205]	new[201]|new[204]|new[205]	nonsal[201]|nonsal[204]|nonsal[205]	John_Murray[205]	cf5[201]|cf4[204]|cf7[205]	_	_	
14-8	2008-2015	archive	object[201]|place[204]	new[201]|new[204]	nonsal[201]|nonsal[204]	_	cf5[201]|cf4[204]	_	_	
14-9	2016-2023	contain	_	_	_	_		_	_	
14-10	2024-2032	evidence	_	_	_	_		_	_	
14-11	2033-2035	of	_	_	_	_		_	_	
14-12	2036-2037	a	abstract[206]	new[206]	nonsal[206]	_	cf6[206]	_	_	
14-13	2038-2048	previously	abstract[206]	new[206]	nonsal[206]	_	cf6[206]	_	_	
14-14	2049-2059	unremarked	abstract[206]	new[206]	nonsal[206]	_	cf6[206]	_	_	
14-15	2060-2062	if	abstract[206]	new[206]	nonsal[206]	_	cf6[206]	_	_	
14-16	2063-2068	short	abstract[206]	new[206]	nonsal[206]	_	cf6[206]	_	_	
14-17	2069-2070	-	abstract[206]	new[206]	nonsal[206]	_	cf6[206]	_	_	
14-18	2071-2076	lived	abstract[206]	new[206]	nonsal[206]	_	cf6[206]	_	_	
14-19	2077-2085	romantic	abstract[206]	new[206]	nonsal[206]	_	cf6[206]	_	_	
14-20	2086-2098	relationship	abstract[206]	new[206]	nonsal[206]	_	cf6[206]	_	_	
14-21	2099-2103	with	abstract[206]	new[206]	nonsal[206]	_	cf6[206]	_	_	
14-22	2104-2105	a	abstract[206]|person[207]	new[206]|new[207]	nonsal[206]|nonsal[207]	John_Thomas_Claridge[207]	cf6[206]|cf2[207]	appos	14-28[210_207]	
14-23	2106-2113	younger	abstract[206]|person[207]	new[206]|new[207]	nonsal[206]|nonsal[207]	John_Thomas_Claridge[207]	cf6[206]|cf2[207]	_	_	
14-24	2114-2117	boy	abstract[206]|person[207]	new[206]|new[207]	nonsal[206]|nonsal[207]	John_Thomas_Claridge[207]	cf6[206]|cf2[207]	_	_	
14-25	2118-2120	at	abstract[206]	new[206]	nonsal[206]	_	cf6[206]	_	_	
14-26	2121-2127	Harrow	abstract[206]|organization[208]	new[206]|giv:act[208]	nonsal[206]|sal[208]	Harrow_School[208]	cf6[206]|cf3[208]	coref	23-37[300_208]	
14-27	2128-2129	,	abstract[206]	new[206]	nonsal[206]	_	cf6[206]	_	_	
14-28	2130-2134	John	abstract[206]|person[210]	new[206]|giv:act[210]	nonsal[206]|nonsal[210]	John_Thomas_Claridge[210]	cf6[206]|cf2[210]	_	_	
14-29	2135-2141	Thomas	abstract[206]|person[210]	new[206]|giv:act[210]	nonsal[206]|nonsal[210]	John_Thomas_Claridge[210]	cf6[206]|cf2[210]	_	_	
14-30	2142-2150	Claridge	abstract[206]|person[210]	new[206]|giv:act[210]	nonsal[206]|nonsal[210]	John_Thomas_Claridge[210]	cf6[206]|cf2[210]	_	_	
14-31	2151-2152	.	_	_	_	_		_	_	
15-1	2153-2157	John	person[211]	giv:inact[211]	sal[211]	John_FitzGibbon%2C_2nd_Earl_of_Clare[211]	cf1[211]	appos	15-4[212_211]	
15-2	2158-2168	FitzGibbon	person[211]	giv:inact[211]	sal[211]	John_FitzGibbon%2C_2nd_Earl_of_Clare[211]	cf1[211]	_	_	
15-3	2169-2170	,	_	_	_	_		_	_	
15-4	2171-2174	2nd	person[212]	giv:act[212]	sal[212]	John_FitzGibbon%2C_2nd_Earl_of_Clare[212]	cf1[212]	_	_	
15-5	2175-2179	Earl	person[212]	giv:act[212]	sal[212]	John_FitzGibbon%2C_2nd_Earl_of_Clare[212]	cf1[212]	_	_	
15-6	2180-2182	of	person[212]	giv:act[212]	sal[212]	John_FitzGibbon%2C_2nd_Earl_of_Clare[212]	cf1[212]	_	_	
15-7	2183-2188	Clare	person[212]	giv:act[212]	sal[212]	John_FitzGibbon%2C_2nd_Earl_of_Clare[212]	cf1[212]	_	_	
16-1	2189-2191	Ah	_	_	_	_		_	_	
16-2	2192-2193	!	_	_	_	_		_	_	
17-1	2194-2198	Sure	_	_	_	_		_	_	
17-2	2199-2203	some	abstract[213]	new[213]	nonsal[213]	_	cf6[213]	_	_	
17-3	2204-2212	stronger	abstract[213]	new[213]	nonsal[213]	_	cf6[213]	_	_	
17-4	2213-2220	impulse	abstract[213]	new[213]	nonsal[213]	_	cf6[213]	_	_	
17-5	2221-2229	vibrates	abstract[213]	new[213]	nonsal[213]	_	cf6[213]	_	_	
17-6	2230-2234	here	abstract[213]	new[213]	nonsal[213]	_	cf6[213]	_	_	
17-7	2235-2236	,	abstract[213]	new[213]	nonsal[213]	_	cf6[213]	_	_	
17-8	2237-2242	Which	abstract[213]	new[213]	nonsal[213]	_	cf6[213]	_	_	
17-9	2243-2251	whispers	abstract[213]	new[213]	nonsal[213]	_	cf6[213]	_	_	
17-10	2252-2262	friendship	abstract[213]|abstract[214]	new[213]|new[214]	nonsal[213]|nonsal[214]	_	cf6[213]|cf3[214]	_	_	
17-11	2263-2267	will	_	_	_	_		_	_	
17-12	2268-2270	be	_	_	_	_		_	_	
17-13	2271-2277	doubly	_	_	_	_		_	_	
17-14	2278-2282	dear	_	_	_	_		_	_	
17-15	2283-2285	To	_	_	_	_		_	_	
17-16	2286-2289	one	person[216]	new[216]	nonsal[216]	_	cf1[216]	_	_	
17-17	2290-2291	,	person[216]	new[216]	nonsal[216]	_	cf1[216]	_	_	
17-18	2292-2295	who	person[216]	new[216]	nonsal[216]	_	cf1[216]	_	_	
17-19	2296-2300	thus	person[216]	new[216]	nonsal[216]	_	cf1[216]	_	_	
17-20	2301-2304	for	person[216]	new[216]	nonsal[216]	_	cf1[216]	_	_	
17-21	2305-2312	kindred	person[216]|abstract[217]	new[216]|new[217]	nonsal[216]|nonsal[217]	_	cf1[216]|cf4[217]	_	_	
17-22	2313-2319	hearts	person[216]|abstract[217]	new[216]|new[217]	nonsal[216]|nonsal[217]	_	cf1[216]|cf4[217]	_	_	
17-23	2320-2324	must	person[216]	new[216]	nonsal[216]	_	cf1[216]	_	_	
17-24	2325-2329	roam	person[216]	new[216]	nonsal[216]	_	cf1[216]	_	_	
17-25	2330-2331	,	person[216]	new[216]	nonsal[216]	_	cf1[216]	_	_	
17-26	2332-2335	And	person[216]	new[216]	nonsal[216]	_	cf1[216]	_	_	
17-27	2336-2340	seek	person[216]	new[216]	nonsal[216]	_	cf1[216]	_	_	
17-28	2341-2347	abroad	person[216]	new[216]	nonsal[216]	_	cf1[216]	_	_	
17-29	2348-2349	,	person[216]	new[216]	nonsal[216]	_	cf1[216]	_	_	
17-30	2350-2353	the	person[216]|abstract[218]	new[216]|new[218]	nonsal[216]|nonsal[218]	_	cf1[216]|cf2[218]	_	_	
17-31	2354-2358	love	person[216]|abstract[218]	new[216]|new[218]	nonsal[216]|nonsal[218]	_	cf1[216]|cf2[218]	_	_	
17-32	2359-2365	denied	person[216]|abstract[218]	new[216]|new[218]	nonsal[216]|nonsal[218]	_	cf1[216]|cf2[218]	_	_	
17-33	2366-2368	at	person[216]|abstract[218]	new[216]|new[218]	nonsal[216]|nonsal[218]	_	cf1[216]|cf2[218]	_	_	
17-34	2369-2373	home	person[216]|abstract[218]|place[219]	new[216]|new[218]|new[219]	nonsal[216]|nonsal[218]|nonsal[219]	_	cf1[216]|cf2[218]|cf5[219]	_	_	
17-35	2374-2375	.	_	_	_	_		_	_	
18-1	2376-2379	The	time[221]	acc:inf[221]	nonsal[221]	_	cf2[221]	_	_	
18-2	2380-2389	following	time[221]	acc:inf[221]	nonsal[221]	_	cf2[221]	_	_	
18-3	2390-2396	autumn	time[221]	acc:inf[221]	nonsal[221]	_	cf2[221]	_	_	
18-4	2397-2398	,	_	_	_	_		_	_	
18-5	2399-2401	he	person[222]	giv:inact[222]	sal[222]	Lord_Byron[222]	cf1[222]	ana	18-18[227_222]	
18-6	2402-2406	went	_	_	_	_		_	_	
18-7	2407-2409	up	_	_	_	_		_	_	
18-8	2410-2412	to	_	_	_	_		_	_	
18-9	2413-2420	Trinity	organization[224]	new[224]	sal[224]	Trinity_College%2C_Cambridge[224]	cf5[224]	coref	19-25[248_224]	
18-10	2421-2428	College	organization[224]	new[224]	sal[224]	Trinity_College%2C_Cambridge[224]	cf5[224]	_	_	
18-11	2429-2430	,	organization[224]	new[224]	sal[224]	Trinity_College%2C_Cambridge[224]	cf5[224]	_	_	
18-12	2431-2440	Cambridge	organization[224]|organization[225]	new[224]|new[225]	sal[224]|nonsal[225]	Trinity_College%2C_Cambridge[224]|Cambridge[225]	cf5[224]|cf6[225]	coref	25-4[313_225]	
18-13	2441-2442	,	_	_	_	_		_	_	
18-14	2443-2444	[	_	_	_	_		_	_	
18-15	2445-2447	24	abstract[226]	new[226]	nonsal[226]	_	cf7[226]	_	_	
18-16	2448-2449	]	_	_	_	_		_	_	
18-17	2450-2455	where	_	_	_	_		_	_	
18-18	2456-2458	he	person[227]	giv:act[227]	sal[227]	Lord_Byron[227]	cf1[227]	ana	19-2[234_227]	
18-19	2459-2462	met	_	_	_	_		_	_	
18-20	2463-2466	and	_	_	_	_		_	_	
18-21	2467-2473	formed	_	_	_	_		_	_	
18-22	2474-2475	a	abstract[231]	new[231]	nonsal[231]	_	cf3[231]	coref	21-7[281_231]	
18-23	2476-2481	close	abstract[231]	new[231]	nonsal[231]	_	cf3[231]	_	_	
18-24	2482-2492	friendship	abstract[231]	new[231]	nonsal[231]	_	cf3[231]	_	_	
18-25	2493-2497	with	_	_	_	_		_	_	
18-26	2498-2501	the	person[232]	new[232]	sal[232]	_	cf4[232]	coref	19-2[233_232]	
18-27	2502-2509	younger	person[232]	new[232]	sal[232]	_	cf4[232]	_	_	
18-28	2510-2514	John	person[232]	new[232]	sal[232]	_	cf4[232]	_	_	
18-29	2515-2523	Edleston	person[232]	new[232]	sal[232]	_	cf4[232]	_	_	
18-30	2524-2525	.	_	_	_	_		_	_	
19-1	2526-2531	About	_	_	_	_		_	_	
19-2	2532-2535	his	person[233]|person[234]	giv:act[233]|giv:act[234]	sal[233]|sal[234]	Lord_Byron[234]	cf2[233]|cf1*[234]	ana|ana	19-10[236_233]|19-6[235_234]	
19-3	2536-2537	"	person[233]	giv:act[233]	sal[233]	_	cf2[233]	_	_	
19-4	2538-2545	protégé	person[233]	giv:act[233]	sal[233]	_	cf2[233]	_	_	
19-5	2546-2547	"	person[233]	giv:act[233]	sal[233]	_	cf2[233]	_	_	
19-6	2548-2550	he	person[235]	giv:act[235]	sal[235]	Lord_Byron[235]	cf1*[235]	ana	19-13[241_235]	
19-7	2551-2556	wrote	_	_	_	_		_	_	
19-8	2557-2558	,	_	_	_	_		_	_	
19-9	2559-2560	"	_	_	_	_		_	_	
19-10	2561-2563	He	person[236]	giv:act[236]	sal[236]	_	cf2[236]	coref	19-13[240_236]	
19-11	2564-2567	has	_	_	_	_		_	_	
19-12	2568-2572	been	_	_	_	_		_	_	
19-13	2573-2575	my	person[240]|person[241]	giv:act[240]|giv:act[241]	sal[240]|sal[241]	Lord_Byron[241]	cf2[240]|cf1*[241]	ana|ana	19-28[250_240]|19-23[245_241]	
19-14	2576-2582	almost	person[240]	giv:act[240]	sal[240]	_	cf2[240]	_	_	
19-15	2583-2591	constant	person[240]	giv:act[240]	sal[240]	_	cf2[240]	_	_	
19-16	2592-2601	associate	person[240]	giv:act[240]	sal[240]	_	cf2[240]	_	_	
19-17	2602-2607	since	person[240]	giv:act[240]	sal[240]	_	cf2[240]	_	_	
19-18	2608-2615	October	person[240]|time[243]	giv:act[240]|new[243]	sal[240]|nonsal[243]	_	cf2[240]|cf8[243]	_	_	
19-19	2616-2617	,	person[240]|time[243]	giv:act[240]|new[243]	sal[240]|nonsal[243]	_	cf2[240]|cf8[243]	_	_	
19-20	2618-2622	1805	person[240]|time[243]|time[244]	giv:act[240]|new[243]|new[244]	sal[240]|nonsal[243]|nonsal[244]	_	cf2[240]|cf8[243]|cf9[244]	_	_	
19-21	2623-2624	,	person[240]|time[243]	giv:act[240]|new[243]	sal[240]|nonsal[243]	_	cf2[240]|cf8[243]	_	_	
19-22	2625-2629	when	person[240]|time[243]	giv:act[240]|new[243]	sal[240]|nonsal[243]	_	cf2[240]|cf8[243]	_	_	
19-23	2630-2631	I	person[240]|time[243]|person[245]	giv:act[240]|new[243]|giv:act[245]	sal[240]|nonsal[243]|sal[245]	Lord_Byron[245]	cf2[240]|cf8[243]|cf1*[245]	ana	19-32[253_245]	
19-24	2632-2639	entered	person[240]|time[243]	giv:act[240]|new[243]	sal[240]|nonsal[243]	_	cf2[240]|cf8[243]	_	_	
19-25	2640-2647	Trinity	person[240]|time[243]|organization[248]	giv:act[240]|new[243]|giv:act[248]	sal[240]|nonsal[243]|sal[248]	Trinity_College%2C_Cambridge[248]	cf2[240]|cf8[243]|cf4[248]	coref	24-6[306_248]	
19-26	2648-2655	College	person[240]|time[243]|organization[248]	giv:act[240]|new[243]|giv:act[248]	sal[240]|nonsal[243]|sal[248]	Trinity_College%2C_Cambridge[248]	cf2[240]|cf8[243]|cf4[248]	_	_	
19-27	2656-2657	.	_	_	_	_		_	_	
19-28	2658-2661	His	abstract[249]|person[250]	new[249]|giv:act[250]	nonsal[249]|sal[250]	_	cf5[249]|cf2[250]	ana	19-35[256_250]	
19-29	2662-2667	voice	abstract[249]	new[249]	nonsal[249]	_	cf5[249]	_	_	
19-30	2668-2673	first	_	_	_	_		_	_	
19-31	2674-2683	attracted	_	_	_	_		_	_	
19-32	2684-2686	my	abstract[252]|person[253]	new[252]|giv:act[253]	nonsal[252]|sal[253]	Lord_Byron[253]	cf3[252]|cf1*[253]	ana|ana	19-38[257_252]|19-44[262_253]	
19-33	2687-2696	attention	abstract[252]	new[252]	nonsal[252]	_	cf3[252]	_	_	
19-34	2697-2698	,	_	_	_	_		_	_	
19-35	2699-2702	his	object[255]|person[256]	new[255]|giv:act[256]	nonsal[255]|sal[256]	_	cf6[255]|cf2[256]	ana	19-41[261_256]	
19-36	2703-2714	countenance	object[255]	new[255]	nonsal[255]	_	cf6[255]	_	_	
19-37	2715-2720	fixed	_	_	_	_		_	_	
19-38	2721-2723	it	abstract[257]	giv:act[257]	nonsal[257]	_	cf3[257]	_	_	
19-39	2724-2725	,	_	_	_	_		_	_	
19-40	2726-2729	and	_	_	_	_		_	_	
19-41	2730-2733	his	abstract[260]|person[261]	new[260]|giv:act[261]	nonsal[260]|sal[261]	_	cf7[260]|cf2[261]	ana	19-46[263_261]	
19-42	2734-2741	manners	abstract[260]	new[260]	nonsal[260]	_	cf7[260]	_	_	
19-43	2742-2750	attached	_	_	_	_		_	_	
19-44	2751-2753	me	person[262]	giv:act[262]	sal[262]	Lord_Byron[262]	cf1*[262]	coref	20-4[269_262]	
19-45	2754-2756	to	_	_	_	_		_	_	
19-46	2757-2760	him	person[263]	giv:act[263]	sal[263]	_	cf2[263]	ana	20-2[268_263]	
19-47	2761-2764	for	_	_	_	_		_	_	
19-48	2765-2769	ever	_	_	_	_		_	_	
19-49	2770-2771	.	_	_	_	_		_	_	
19-50	2772-2773	"	_	_	_	_		_	_	
20-1	2774-2776	In	_	_	_	_		_	_	
20-2	2777-2780	his	abstract[267]|person[268]	new[267]|giv:act[268]	nonsal[267]|sal[268]	_	cf4[267]|cf1*[268]	coref	23-20[298_268]	
20-3	2781-2787	memory	abstract[267]	new[267]	nonsal[267]	_	cf4[267]	_	_	
20-4	2788-2793	Byron	person[269]	giv:act[269]	sal[269]	Lord_Byron[269]	cf2[269]	ana	21-5[278_269]	
20-5	2794-2802	composed	_	_	_	_		_	_	
20-6	2803-2809	Thyrza	abstract[270]	new[270]	nonsal[270]	_	cf3[270]	appos	20-8[274_270]	
20-7	2810-2811	,	_	_	_	_		_	_	
20-8	2812-2813	a	abstract[274]	giv:act[274]	nonsal[274]	_	cf3[274]	_	_	
20-9	2814-2820	series	abstract[274]	giv:act[274]	nonsal[274]	_	cf3[274]	_	_	
20-10	2821-2823	of	abstract[274]	giv:act[274]	nonsal[274]	_	cf3[274]	_	_	
20-11	2824-2831	elegies	abstract[274]	giv:act[274]	nonsal[274]	_	cf3[274]	_	_	
20-12	2832-2833	.	_	_	_	_		_	_	
20-13	2834-2835	[	_	_	_	_		_	_	
20-14	2836-2838	25	abstract[275]	new[275]	nonsal[275]	_	cf5[275]	_	_	
20-15	2839-2840	]	_	_	_	_		_	_	
21-1	2841-2843	In	_	_	_	_		_	_	
21-2	2844-2849	later	time[277]	acc:com[277]	nonsal[277]	_	cf3[277]	_	_	
21-3	2850-2855	years	time[277]	acc:com[277]	nonsal[277]	_	cf3[277]	_	_	
21-4	2856-2857	,	_	_	_	_		_	_	
21-5	2858-2860	he	person[278]	giv:act[278]	sal[278]	Lord_Byron[278]	cf1*[278]	coref	24-1[302_278]	
21-6	2861-2870	described	event[280]	new[280]	nonsal[280]	_	cf4[280]	disc	22-1[283_280]	
21-7	2871-2874	the	event[280]|abstract[281]	new[280]|giv:inact[281]	nonsal[280]|nonsal[281]	_	cf4[280]|cf2[281]	pred	21-11[282_281]	
21-8	2875-2881	affair	event[280]|abstract[281]	new[280]|giv:inact[281]	nonsal[280]|nonsal[281]	_	cf4[280]|cf2[281]	_	_	
21-9	2882-2884	as	event[280]	new[280]	nonsal[280]	_	cf4[280]	_	_	
21-10	2885-2886	"	event[280]	new[280]	nonsal[280]	_	cf4[280]	_	_	
21-11	2887-2888	a	event[280]|abstract[282]	new[280]|giv:act[282]	nonsal[280]|nonsal[282]	_	cf4[280]|cf2[282]	coref	23-1[295_282]	
21-12	2889-2896	violent	event[280]|abstract[282]	new[280]|giv:act[282]	nonsal[280]|nonsal[282]	_	cf4[280]|cf2[282]	_	_	
21-13	2897-2898	,	event[280]|abstract[282]	new[280]|giv:act[282]	nonsal[280]|nonsal[282]	_	cf4[280]|cf2[282]	_	_	
21-14	2899-2905	though	event[280]|abstract[282]	new[280]|giv:act[282]	nonsal[280]|nonsal[282]	_	cf4[280]|cf2[282]	_	_	
21-15	2906-2910	pure	event[280]|abstract[282]	new[280]|giv:act[282]	nonsal[280]|nonsal[282]	_	cf4[280]|cf2[282]	_	_	
21-16	2911-2915	love	event[280]|abstract[282]	new[280]|giv:act[282]	nonsal[280]|nonsal[282]	_	cf4[280]|cf2[282]	_	_	
21-17	2916-2919	and	event[280]|abstract[282]	new[280]|giv:act[282]	nonsal[280]|nonsal[282]	_	cf4[280]|cf2[282]	_	_	
21-18	2920-2927	passion	event[280]|abstract[282]	new[280]|giv:act[282]	nonsal[280]|nonsal[282]	_	cf4[280]|cf2[282]	_	_	
21-19	2928-2929	"	event[280]	new[280]	nonsal[280]	_	cf4[280]	_	_	
21-20	2930-2931	.	_	_	_	_		_	_	
22-1	2932-2936	This	event[283]	giv:act[283]	nonsal[283]	_	cf1*[283]	_	_	
22-2	2937-2946	statement	event[283]	giv:act[283]	nonsal[283]	_	cf1*[283]	_	_	
22-3	2947-2948	,	_	_	_	_		_	_	
22-4	2949-2956	however	_	_	_	_		_	_	
22-5	2957-2958	,	_	_	_	_		_	_	
22-6	2959-2964	needs	_	_	_	_		_	_	
22-7	2965-2967	to	_	_	_	_		_	_	
22-8	2968-2970	be	_	_	_	_		_	_	
22-9	2971-2975	read	_	_	_	_		_	_	
22-10	2976-2978	in	_	_	_	_		_	_	
22-11	2979-2982	the	abstract[284]	new[284]	nonsal[284]	_	cf4[284]	_	_	
22-12	2983-2990	context	abstract[284]	new[284]	nonsal[284]	_	cf4[284]	_	_	
22-13	2991-2993	of	abstract[284]	new[284]	nonsal[284]	_	cf4[284]	_	_	
22-14	2994-3003	hardening	abstract[284]|abstract[285]	new[284]|new[285]	nonsal[284]|nonsal[285]	_	cf4[284]|cf6[285]	_	_	
22-15	3004-3010	public	abstract[284]|abstract[285]	new[284]|new[285]	nonsal[284]|nonsal[285]	_	cf4[284]|cf6[285]	_	_	
22-16	3011-3020	attitudes	abstract[284]|abstract[285]	new[284]|new[285]	nonsal[284]|nonsal[285]	_	cf4[284]|cf6[285]	_	_	
22-17	3021-3027	toward	abstract[284]|abstract[285]	new[284]|new[285]	nonsal[284]|nonsal[285]	_	cf4[284]|cf6[285]	_	_	
22-18	3028-3041	homosexuality	abstract[284]|abstract[285]|abstract[286]	new[284]|new[285]|new[286]	nonsal[284]|nonsal[285]|nonsal[286]	_	cf4[284]|cf6[285]|cf7[286]	bridge:other	22-31[292_286]	
22-19	3042-3044	in	abstract[284]|abstract[285]	new[284]|new[285]	nonsal[284]|nonsal[285]	_	cf4[284]|cf6[285]	_	_	
22-20	3045-3052	England	abstract[284]|abstract[285]|place[287]	new[284]|new[285]|giv:inact[287]	nonsal[284]|nonsal[285]|nonsal[287]	England[287]	cf4[284]|cf6[285]|cf2[287]	_	_	
22-21	3053-3056	and	_	_	_	_		_	_	
22-22	3057-3060	the	event[290]	new[290]	nonsal[290]	_	cf5[290]	_	_	
22-23	3061-3067	severe	event[290]	new[290]	nonsal[290]	_	cf5[290]	_	_	
22-24	3068-3077	sanctions	event[290]	new[290]	nonsal[290]	_	cf5[290]	_	_	
22-25	3078-3079	(	event[290]	new[290]	nonsal[290]	_	cf5[290]	_	_	
22-26	3080-3089	including	event[290]	new[290]	nonsal[290]	_	cf5[290]	_	_	
22-27	3090-3096	public	event[290]|event[291]	new[290]|new[291]	nonsal[290]|nonsal[291]	_	cf5[290]|cf8[291]	_	_	
22-28	3097-3104	hanging	event[290]|event[291]	new[290]|new[291]	nonsal[290]|nonsal[291]	_	cf5[290]|cf8[291]	_	_	
22-29	3105-3106	)	_	_	_	_		_	_	
22-30	3107-3114	against	_	_	_	_		_	_	
22-31	3115-3124	convicted	person[292]	acc:inf[292]	nonsal[292]	_	cf3[292]	_	_	
22-32	3125-3127	or	person[292]	acc:inf[292]	nonsal[292]	_	cf3[292]	_	_	
22-33	3128-3132	even	person[292]	acc:inf[292]	nonsal[292]	_	cf3[292]	_	_	
22-34	3133-3142	suspected	person[292]	acc:inf[292]	nonsal[292]	_	cf3[292]	_	_	
22-35	3143-3152	offenders	person[292]	acc:inf[292]	nonsal[292]	_	cf3[292]	_	_	
22-36	3153-3154	.	_	_	_	_		_	_	
22-37	3155-3156	[	_	_	_	_		_	_	
22-38	3157-3159	26	abstract[293]	new[293]	nonsal[293]	_	cf9[293]	_	_	
22-39	3160-3161	]	_	_	_	_		_	_	
23-1	3162-3165	The	abstract[295]	giv:inact[295]	nonsal[295]	_	cf1[295]	_	_	
23-2	3166-3173	liaison	abstract[295]	giv:inact[295]	nonsal[295]	_	cf1[295]	_	_	
23-3	3174-3175	,	_	_	_	_		_	_	
23-4	3176-3178	on	_	_	_	_		_	_	
23-5	3179-3182	the	_	_	_	_		_	_	
23-6	3183-3188	other	_	_	_	_		_	_	
23-7	3189-3193	hand	_	_	_	_		_	_	
23-8	3194-3195	,	_	_	_	_		_	_	
23-9	3196-3199	may	_	_	_	_		_	_	
23-10	3200-3204	well	_	_	_	_		_	_	
23-11	3205-3209	have	_	_	_	_		_	_	
23-12	3210-3214	been	_	_	_	_		_	_	
23-13	3215-3216	"	_	_	_	_		_	_	
23-14	3217-3221	pure	_	_	_	_		_	_	
23-15	3222-3223	"	_	_	_	_		_	_	
23-16	3224-3227	out	_	_	_	_		_	_	
23-17	3228-3230	of	_	_	_	_		_	_	
23-18	3231-3238	respect	abstract[296]	new[296]	nonsal[296]	_	cf5[296]	_	_	
23-19	3239-3242	for	abstract[296]	new[296]	nonsal[296]	_	cf5[296]	_	_	
23-20	3243-3251	Edleston	abstract[296]|abstract[297]|person[298]	new[296]|new[297]|giv:inact[298]	nonsal[296]|nonsal[297]|sal[298]	_	cf5[296]|cf6[297]|cf2[298]	_	_	
23-21	3252-3254	's	abstract[296]|abstract[297]|person[298]	new[296]|new[297]|giv:inact[298]	nonsal[296]|nonsal[297]|sal[298]	_	cf5[296]|cf6[297]|cf2[298]	_	_	
23-22	3255-3264	innocence	abstract[296]|abstract[297]	new[296]|new[297]	nonsal[296]|nonsal[297]	_	cf5[296]|cf6[297]	_	_	
23-23	3265-3266	,	_	_	_	_		_	_	
23-24	3267-3269	in	_	_	_	_		_	_	
23-25	3270-3278	contrast	_	_	_	_		_	_	
23-26	3279-3281	to	_	_	_	_		_	_	
23-27	3282-3285	the	abstract[299]	new[299]	nonsal[299]	_	cf4[299]	_	_	
23-28	3286-3287	(	abstract[299]	new[299]	nonsal[299]	_	cf4[299]	_	_	
23-29	3288-3296	probably	abstract[299]	new[299]	nonsal[299]	_	cf4[299]	_	_	
23-30	3297-3298	)	abstract[299]	new[299]	nonsal[299]	_	cf4[299]	_	_	
23-31	3299-3303	more	abstract[299]	new[299]	nonsal[299]	_	cf4[299]	_	_	
23-32	3304-3312	sexually	abstract[299]	new[299]	nonsal[299]	_	cf4[299]	_	_	
23-33	3313-3318	overt	abstract[299]	new[299]	nonsal[299]	_	cf4[299]	_	_	
23-34	3319-3328	relations	abstract[299]	new[299]	nonsal[299]	_	cf4[299]	_	_	
23-35	3329-3340	experienced	abstract[299]	new[299]	nonsal[299]	_	cf4[299]	_	_	
23-36	3341-3343	at	abstract[299]	new[299]	nonsal[299]	_	cf4[299]	_	_	
23-37	3344-3350	Harrow	abstract[299]|organization[300]	new[299]|giv:inact[300]	nonsal[299]|sal[300]	Harrow_School[300]	cf4[299]|cf3[300]	_	_	
23-38	3351-3357	School	abstract[299]|organization[300]	new[299]|giv:inact[300]	nonsal[299]|sal[300]	Harrow_School[300]	cf4[299]|cf3[300]	_	_	
23-39	3358-3359	.	_	_	_	_		_	_	
23-40	3360-3361	[	_	_	_	_		_	_	
23-41	3362-3364	27	abstract[301]	new[301]	nonsal[301]	_	cf7[301]	_	_	
23-42	3365-3366	]	_	_	_	_		_	_	
24-1	3367-3372	Byron	person[302]	giv:inact[302]	sal[302]	Lord_Byron[302]	cf1[302]	ana	25-5[314_302]	
24-2	3373-3378	spent	_	_	_	_		_	_	
24-3	3379-3384	three	time[305]	new[305]	nonsal[305]	_	cf3[305]	_	_	
24-4	3385-3390	years	time[305]	new[305]	nonsal[305]	_	cf3[305]	_	_	
24-5	3391-3393	at	_	_	_	_		_	_	
24-6	3394-3401	Trinity	organization[306]	giv:inact[306]	sal[306]	Trinity_College%2C_Cambridge[306]	cf2[306]	_	_	
24-7	3402-3409	College	organization[306]	giv:inact[306]	sal[306]	Trinity_College%2C_Cambridge[306]	cf2[306]	_	_	
24-8	3410-3411	,	_	_	_	_		_	_	
24-9	3412-3420	engaging	_	_	_	_		_	_	
24-10	3421-3423	in	_	_	_	_		_	_	
24-11	3424-3430	sexual	event[307]	new[307]	nonsal[307]	_	cf4[307]	_	_	
24-12	3431-3440	escapades	event[307]	new[307]	nonsal[307]	_	cf4[307]	_	_	
24-13	3441-3442	,	_	_	_	_		_	_	
24-14	3443-3449	boxing	event[308]	new[308]	nonsal[308]	_	cf5[308]	_	_	
24-15	3450-3451	,	_	_	_	_		_	_	
24-16	3452-3457	horse	event[310]	new[310]	nonsal[310]	_	cf6[310]	_	_	
24-17	3458-3464	riding	event[310]	new[310]	nonsal[310]	_	cf6[310]	_	_	
24-18	3465-3468	and	_	_	_	_		_	_	
24-19	3469-3477	gambling	event[311]	new[311]	nonsal[311]	_	cf7[311]	_	_	
24-20	3478-3479	.	_	_	_	_		_	_	
24-21	3480-3481	[	_	_	_	_		_	_	
24-22	3482-3484	28	abstract[312]	new[312]	nonsal[312]	_	cf8[312]	coref	25-32[328_312]	
24-23	3485-3486	]	_	_	_	_		_	_	
25-1	3487-3491	Also	_	_	_	_		_	_	
25-2	3492-3497	while	_	_	_	_		_	_	
25-3	3498-3500	at	_	_	_	_		_	_	
25-4	3501-3510	Cambridge	organization[313]	giv:inact[313]	nonsal[313]	Cambridge[313]	cf4[313]	coref	25-22[325_313]	
25-5	3511-3513	he	person[314]	giv:act[314]	sal[314]	Lord_Byron[314]	cf1*[314]	ana	25-19[322_314]	
25-6	3514-3520	formed	_	_	_	_		_	_	
25-7	3521-3529	lifelong	abstract[319]	new[319]	nonsal[319]	_	cf5[319]	_	_	
25-8	3530-3541	friendships	abstract[319]	new[319]	nonsal[319]	_	cf5[319]	_	_	
25-9	3542-3546	with	_	_	_	_		_	_	
25-10	3547-3550	men	person[320]	new[320]	nonsal[320]	_	cf13[320]	_	_	
25-11	3551-3555	such	person[320]	new[320]	nonsal[320]	_	cf13[320]	_	_	
25-12	3556-3558	as	person[320]	new[320]	nonsal[320]	_	cf13[320]	_	_	
25-13	3559-3563	John	person[320]|person[321]	new[320]|new[321]	nonsal[320]|nonsal[321]	John_Hobhouse%2C_1st_Baron_Broughton[321]	cf13[320]|cf9[321]	_	_	
25-14	3564-3567	Cam	person[320]|person[321]	new[320]|new[321]	nonsal[320]|nonsal[321]	John_Hobhouse%2C_1st_Baron_Broughton[321]	cf13[320]|cf9[321]	_	_	
25-15	3568-3576	Hobhouse	person[320]|person[321]	new[320]|new[321]	nonsal[320]|nonsal[321]	John_Hobhouse%2C_1st_Baron_Broughton[321]	cf13[320]|cf9[321]	_	_	
25-16	3577-3578	,	person[320]|person[321]	new[320]|new[321]	nonsal[320]|nonsal[321]	John_Hobhouse%2C_1st_Baron_Broughton[321]	cf13[320]|cf9[321]	_	_	
25-17	3579-3582	who	person[320]|person[321]	new[320]|new[321]	nonsal[320]|nonsal[321]	John_Hobhouse%2C_1st_Baron_Broughton[321]	cf13[320]|cf9[321]	_	_	
25-18	3583-3592	initiated	person[320]|person[321]	new[320]|new[321]	nonsal[320]|nonsal[321]	John_Hobhouse%2C_1st_Baron_Broughton[321]	cf13[320]|cf9[321]	_	_	
25-19	3593-3596	him	person[320]|person[321]|person[322]	new[320]|new[321]|giv:act[322]	nonsal[320]|nonsal[321]|sal[322]	John_Hobhouse%2C_1st_Baron_Broughton[321]|Lord_Byron[322]	cf13[320]|cf9[321]|cf1*[322]	ana	25-47[333_322]	
25-20	3597-3601	into	person[320]|person[321]	new[320]|new[321]	nonsal[320]|nonsal[321]	John_Hobhouse%2C_1st_Baron_Broughton[321]	cf13[320]|cf9[321]	_	_	
25-21	3602-3605	the	person[320]|person[321]|organization[324]	new[320]|new[321]|new[324]	nonsal[320]|nonsal[321]|nonsal[324]	John_Hobhouse%2C_1st_Baron_Broughton[321]	cf13[320]|cf9[321]|cf7[324]	_	_	
25-22	3606-3615	Cambridge	person[320]|person[321]|organization[324]|organization[325]	new[320]|new[321]|new[324]|giv:act[325]	nonsal[320]|nonsal[321]|nonsal[324]|nonsal[325]	John_Hobhouse%2C_1st_Baron_Broughton[321]|Cambridge[325]	cf13[320]|cf9[321]|cf7[324]|cf4[325]	_	_	
25-23	3616-3620	Whig	person[320]|person[321]|organization[324]	new[320]|new[321]|new[324]	nonsal[320]|nonsal[321]|nonsal[324]	John_Hobhouse%2C_1st_Baron_Broughton[321]	cf13[320]|cf9[321]|cf7[324]	_	_	
25-24	3621-3625	Club	person[320]|person[321]|organization[324]	new[320]|new[321]|new[324]	nonsal[320]|nonsal[321]|nonsal[324]	John_Hobhouse%2C_1st_Baron_Broughton[321]	cf13[320]|cf9[321]|cf7[324]	_	_	
25-25	3626-3627	,	person[320]|person[321]|organization[324]	new[320]|new[321]|new[324]	nonsal[320]|nonsal[321]|nonsal[324]	John_Hobhouse%2C_1st_Baron_Broughton[321]	cf13[320]|cf9[321]|cf7[324]	_	_	
25-26	3628-3633	which	person[320]|person[321]|organization[324]	new[320]|new[321]|new[324]	nonsal[320]|nonsal[321]|nonsal[324]	John_Hobhouse%2C_1st_Baron_Broughton[321]	cf13[320]|cf9[321]|cf7[324]	_	_	
25-27	3634-3642	endorsed	person[320]|person[321]|organization[324]	new[320]|new[321]|new[324]	nonsal[320]|nonsal[321]|nonsal[324]	John_Hobhouse%2C_1st_Baron_Broughton[321]	cf13[320]|cf9[321]|cf7[324]	_	_	
25-28	3643-3650	liberal	person[320]|person[321]|organization[324]|abstract[327]	new[320]|new[321]|new[324]|new[327]	nonsal[320]|nonsal[321]|nonsal[324]|nonsal[327]	John_Hobhouse%2C_1st_Baron_Broughton[321]	cf13[320]|cf9[321]|cf7[324]|cf6[327]	_	_	
25-29	3651-3659	politics	person[320]|person[321]|organization[324]|abstract[327]	new[320]|new[321]|new[324]|new[327]	nonsal[320]|nonsal[321]|nonsal[324]|nonsal[327]	John_Hobhouse%2C_1st_Baron_Broughton[321]	cf13[320]|cf9[321]|cf7[324]|cf6[327]	_	_	
25-30	3660-3661	,	person[320]	new[320]	nonsal[320]	_	cf13[320]	_	_	
25-31	3662-3663	[	person[320]	new[320]	nonsal[320]	_	cf13[320]	_	_	
25-32	3664-3666	28	person[320]|abstract[328]	new[320]|giv:act[328]	nonsal[320]|nonsal[328]	_	cf13[320]|cf3[328]	_	_	
25-33	3667-3668	]	person[320]	new[320]	nonsal[320]	_	cf13[320]	_	_	
25-34	3669-3672	and	person[320]	new[320]	nonsal[320]	_	cf13[320]	_	_	
25-35	3673-3680	Francis	person[320]|person[330]	new[320]|new[330]	nonsal[320]|nonsal[330]	Francis_Hodgson[330]	cf13[320]|cf2[330]	appos	25-38[331_330]	
25-36	3681-3688	Hodgson	person[320]|person[330]	new[320]|new[330]	nonsal[320]|nonsal[330]	Francis_Hodgson[330]	cf13[320]|cf2[330]	_	_	
25-37	3689-3690	,	person[320]|person[330]	new[320]|new[330]	nonsal[320]|nonsal[330]	Francis_Hodgson[330]	cf13[320]|cf2[330]	_	_	
25-38	3691-3692	a	person[320]|person[330]|person[331]	new[320]|new[330]|giv:act[331]	nonsal[320]|nonsal[330]|nonsal[331]	Francis_Hodgson[330]|Francis_Hodgson[331]	cf13[320]|cf2[330]|cf2[331]	_	_	
25-39	3693-3699	Fellow	person[320]|person[330]|person[331]	new[320]|new[330]|giv:act[331]	nonsal[320]|nonsal[330]|nonsal[331]	Francis_Hodgson[330]|Francis_Hodgson[331]	cf13[320]|cf2[330]|cf2[331]	_	_	
25-40	3700-3702	at	person[320]|person[330]|person[331]	new[320]|new[330]|giv:act[331]	nonsal[320]|nonsal[330]|nonsal[331]	Francis_Hodgson[330]|Francis_Hodgson[331]	cf13[320]|cf2[330]|cf2[331]	_	_	
25-41	3703-3707	King	person[320]|person[330]|person[331]|organization[332]	new[320]|new[330]|giv:act[331]|new[332]	nonsal[320]|nonsal[330]|nonsal[331]|nonsal[332]	Francis_Hodgson[330]|Francis_Hodgson[331]|King's_College%2C_Cambridge[332]	cf13[320]|cf2[330]|cf2[331]|cf10[332]	_	_	
25-42	3708-3710	's	person[320]|person[330]|person[331]|organization[332]	new[320]|new[330]|giv:act[331]|new[332]	nonsal[320]|nonsal[330]|nonsal[331]|nonsal[332]	Francis_Hodgson[330]|Francis_Hodgson[331]|King's_College%2C_Cambridge[332]	cf13[320]|cf2[330]|cf2[331]|cf10[332]	_	_	
25-43	3711-3718	College	person[320]|person[330]|person[331]|organization[332]	new[320]|new[330]|giv:act[331]|new[332]	nonsal[320]|nonsal[330]|nonsal[331]|nonsal[332]	Francis_Hodgson[330]|Francis_Hodgson[331]|King's_College%2C_Cambridge[332]	cf13[320]|cf2[330]|cf2[331]|cf10[332]	_	_	
25-44	3719-3720	,	person[320]|person[330]	new[320]|new[330]	nonsal[320]|nonsal[330]	Francis_Hodgson[330]	cf13[320]|cf2[330]	_	_	
25-45	3721-3725	with	person[320]|person[330]	new[320]|new[330]	nonsal[320]|nonsal[330]	Francis_Hodgson[330]	cf13[320]|cf2[330]	_	_	
25-46	3726-3730	whom	person[320]|person[330]	new[320]|new[330]	nonsal[320]|nonsal[330]	Francis_Hodgson[330]	cf13[320]|cf2[330]	_	_	
25-47	3731-3733	he	person[320]|person[330]|person[333]	new[320]|new[330]|giv:act[333]	nonsal[320]|nonsal[330]|sal[333]	Francis_Hodgson[330]|Lord_Byron[333]	cf13[320]|cf2[330]|cf1*[333]	ana	25-58[338_333]	
25-48	3734-3746	corresponded	person[320]|person[330]	new[320]|new[330]	nonsal[320]|nonsal[330]	Francis_Hodgson[330]	cf13[320]|cf2[330]	_	_	
25-49	3747-3749	on	person[320]|person[330]	new[320]|new[330]	nonsal[320]|nonsal[330]	Francis_Hodgson[330]	cf13[320]|cf2[330]	_	_	
25-50	3750-3758	literary	person[320]|person[330]|abstract[335]	new[320]|new[330]|new[335]	nonsal[320]|nonsal[330]|nonsal[335]	Francis_Hodgson[330]	cf13[320]|cf2[330]|cf11[335]	_	_	
25-51	3759-3762	and	person[320]|person[330]|abstract[335]	new[320]|new[330]|new[335]	nonsal[320]|nonsal[330]|nonsal[335]	Francis_Hodgson[330]	cf13[320]|cf2[330]|cf11[335]	_	_	
25-52	3763-3768	other	person[320]|person[330]|abstract[335]	new[320]|new[330]|new[335]	nonsal[320]|nonsal[330]|nonsal[335]	Francis_Hodgson[330]	cf13[320]|cf2[330]|cf11[335]	_	_	
25-53	3769-3776	matters	person[320]|person[330]|abstract[335]	new[320]|new[330]|new[335]	nonsal[320]|nonsal[330]|nonsal[335]	Francis_Hodgson[330]	cf13[320]|cf2[330]|cf11[335]	_	_	
25-54	3777-3782	until	person[320]|person[330]	new[320]|new[330]	nonsal[320]|nonsal[330]	Francis_Hodgson[330]	cf13[320]|cf2[330]	_	_	
25-55	3783-3786	the	person[320]|person[330]|event[336]	new[320]|new[330]|new[336]	nonsal[320]|nonsal[330]|nonsal[336]	Francis_Hodgson[330]	cf13[320]|cf2[330]|cf8[336]	_	_	
25-56	3787-3790	end	person[320]|person[330]|event[336]	new[320]|new[330]|new[336]	nonsal[320]|nonsal[330]|nonsal[336]	Francis_Hodgson[330]	cf13[320]|cf2[330]|cf8[336]	_	_	
25-57	3791-3793	of	person[320]|person[330]|event[336]	new[320]|new[330]|new[336]	nonsal[320]|nonsal[330]|nonsal[336]	Francis_Hodgson[330]	cf13[320]|cf2[330]|cf8[336]	_	_	
25-58	3794-3797	his	person[320]|person[330]|event[336]|abstract[337]|person[338]	new[320]|new[330]|new[336]|new[337]|giv:act[338]	nonsal[320]|nonsal[330]|nonsal[336]|nonsal[337]|sal[338]	Francis_Hodgson[330]|Lord_Byron[338]	cf13[320]|cf2[330]|cf8[336]|cf12[337]|cf1*[338]	_	_	
25-59	3798-3802	life	person[320]|person[330]|event[336]|abstract[337]	new[320]|new[330]|new[336]|new[337]	nonsal[320]|nonsal[330]|nonsal[336]|nonsal[337]	Francis_Hodgson[330]	cf13[320]|cf2[330]|cf8[336]|cf12[337]	_	_	
25-60	3803-3804	.	_	_	_	_		_	_	
